01000000
010000
01000
01010
1000.0110011011001011
0001.1111111011001100
1000.0100010110101110
0000.1001011101101110
1000.0101000111010111
1000.1010011011101010
1000.1111000010011110
1000.0011100110111101
1000.0111100111010001
0010.0101000100000001
1000.0000111011000000
1000.1011001100000111
0001.0101001001000111
0001.0000110111101001
0000.0000110110100010
1001.0011101001011100
0001.0010000011011101
0000.1101001010001001
1000.1110110010011001
1000.1000000000110010
1000.1010000010001110
1001.1010111000110100
0000.0000101000100100
1000.0100011001110000
1001.1100001100101010
1000.0000001101001000
1001.0011111001010011
0000.0100010010011111
0000.0110011010000101
1000.0100100000100100
1001.0001001001001100
0001.0001101100000000
1001.1010101010111110
1010.0100000111010011
1000.1101001011111111
0000.1001101111110111
0001.0000101101101000
1000.1001011011010001
0000.0110100100101001
1001.0000110011010111
0001.1111001110000101
0000.0100001000100100
0001.1011010010111011
0001.0100000111010101
1000.0111011001011110
0000.0100000101100101
0000.0000001010100000
1001.0110100001011010
0010.0101101101001111
0001.1101110001101000
0000.1001010110000101
1001.1010110111001100
0001.0101100101100100
1001.1000101001010110
0001.0101110010110111
1000.0110110010000110
1000.0100100110101000
0001.0010000101000001
1000.1110000111111001
1000.0011010110110111
0000.0001011001110001
0000.0011010101100100
1000.1011001100110000
1000.0100001100101011
1000.1010111111111100
1001.0101110110101000
1000.1010010101110000
1010.0100000011011110
1000.0011011100100011
1000.0010001101011100
0000.0010000011100110
1000.0000110100001111
0000.0000101011001111
0000.1000100111110100
0000.0111001100100101
0000.0101100010110001
1000.0011011110011011
0000.0101100011001000
0000.1000110100000011
1000.0111010110101000
1010.0100010110011010
0001.0100001010100010
1000.0010001000000010
1000.1001101100000010
1001.1100010111101011
1000.0111110010101010
1000.1100110100011001
0000.1010101110111000
1000.0000001101001001
0001.0001010000110000
1001.1001001100001100
1000.0010110101001011
0000.1101100101100011
1000.0011010111101100
0001.0111010000001101
1000.1001011111100100
0000.0101111110011011
1001.0010001110100010
0000.0010000010110011
0001.1100001001011111
0000.1011110001011011
1000.0111111001001110
1000.1001100111000100
1000.1001110000001000
1000.0011101011111111
0001.1110111010001111
1000.1100010000010100
0000.0000111000001010
1000.0111110000110001
0000.0101110101000111
1000.0000111111010011
0000.1001011100110011
0000.0001111110010011
1000.0011011101110100
1000.1110110010111000
0001.0101001000001100
0000.1000111111111010
0000.1000011111100100
1001.0010101001001101
0000.1011110000100101
0000.0000100101010100
1001.0000100111000001
0000.0101001011000010
0010.0010001010111001
0000.1100000001110001
1001.0001000000100100
0000.0001000011011010
1000.0100101111110110
1000.0001111100100110
1000.1000110000001111
1000.0011000111110011
1000.0010001111101001
0000.0111100110111011
0000.0100010100010011
1001.1000100101000100
1000.1000110010011011
0001.1100111111100011
1000.1010011000011111
0000.0101010111110010
0000.0101101011101010
0000.0101100000011100
0000.0110000000101110
1000.1000111010001100
1001.1111101101111100
1000.0100010001101110
1000.0010111111000101
1001.0011111001001011
0001.0001110010101101
0000.0000111010010000
1000.0010110000011011
0000.1100001101011001
0001.0110011101011110
0001.1000111111111110
0000.0111101000000000
1001.0111011000000110
1000.1011000110001000
1000.0100010101100101
1000.0111011110110110
0001.0001011011000110
0001.0000010110110101
0001.0010011111001001
1000.0010011010101010
1000.0101010010000011
1010.0111011110001010
1001.0100010011100001
1000.1111100100100111
1000.0001110000100000
0000.0011000110010100
1000.0011010111001000
1001.1101010100111000
1001.0110001101001101
1000.0100110000000111
0000.1101110110000100
0001.1110111101001001
1000.0011000100000101
1000.1011011011110000
1000.1001110001001000
1000.0110000000011011
1000.0000001010110100
1001.0011011110000111
1000.1110100000010100
1000.0100001101110001
1000.1011100111011011
1001.0100110001101011
0000.1001011110010111
0000.1010000000101011
1000.0100010011010111
1001.1010111100110100
0001.1011101111000100
1001.0010110111100100
1010.1010010100110010
1001.0100101000000011
1000.0011001101001010
1000.0111000111010111
0000.1010110111000111
0001.0010101111101001
0000.1111000111110101
0000.0100100001000111
0000.0011010110110111
0000.0011001010101010
0000.0001001101111011
0000.1010000001110000
0000.1011000110101001
0001.0110001111100011
0000.1101101000111101
0000.0001011111110111
0000.1111000001110101
0000.0111011100101011
1001.1011010001011001
0001.0000101111011011
0001.1000111011001011
0000.1111111100000101
0001.0111011011111100
1000.1010110000000101
0000.0100010110110100
1000.0011010101010001
1000.1110111100110110
0000.1010010010001110
0001.0000100101011000
1000.0110100001010100
1000.0100011101111101
0000.1110101101110111
1001.0011001111101110
0000.0000111010101000
0001.0001100000110011
1000.0011111101101111
1000.0111001010001100
1000.1011011111010111
1000.0001010001000110
0000.1111101101010100
1000.0111010000110000
0000.0001001100101110
1000.1010101011110111
1010.0010000011000011
1001.0110010100001110
1001.0000110000100111
0010.1010000101101011
0001.0011101000111111
0000.0110110110000110
1000.0001010000010010
1000.0011010010010110
1000.0001101011100010
1000.1010010000101011
1000.0001101100001101
1001.0101110001001100
1000.1111100100000000
1000.1001011101101001
0000.1101110111010001
0000.1111011100101111
1000.0000110110110111
0001.0010010000010001
0000.1101110111100000
1000.1100000110100111
1010.0100001100111111
1000.1010000100010100
1000.0111111111100010
0001.1101100011010011
1001.0100110011011101
1001.0110001010100001
0001.1001110101011010
0000.0100100101001010
1001.1000100111101100
1000.0110010001101111
0000.0100101110111101
0000.1100111110000111
1000.0011000100011000
0000.0110010000110101
0000.0101101011111010
1000.0001000001101100
0001.0000111000000011
0001.1010011010000010
0001.0011000000001000
0000.0111111100100010
0000.0010000101101000
1000.1111010111010000
0000.0101000110100110
1000.0011100000000001
1000.1100011011011101
1001.0101111100010110
1001.0110101000010110
0000.1111100110000011
1001.0100100010110010
0001.1001101011000101
0000.1001000000101010
0000.0111010000000101
0000.1011011010011101
1000.0010101001100101
1000.0100101011000101
1000.0001101101000100
0000.0101001011001100
1000.0011100100001000
0000.1010010011101001
0000.1011111111001010
1000.1100000111010101
0001.0001011010100001
1000.0111110110110111
0000.0110111010001011
1000.0011110000111101
0000.1001110000100111
0000.1111111010101000
1000.0000001001000001
0001.0101001000110000
1000.1100011100010100
0001.1001100101001100
1001.0110100101011001
1000.1111111001111111
1000.0100110100011010
0001.0000000111011011
1000.1111100010110100
1000.0001010111011100
0001.0000001110111001
1001.1100110011111010
1000.1100011010110011
1001.0001110011011001
1010.0010100000010111
1000.1001101100110101
1000.0101111010111111
0001.0000111001111101
1001.0110100001100001
0000.0101010011011011
1001.1001110100100011
1000.1110000010101000
1000.1101000001000111
1000.0010110110111011
0001.0000110101100001
1001.0000010101011001
0000.1101110111000101
0001.0000111101001100
1000.0111011110011101
1010.0010111010010000
0001.0010111100111001
1000.1111110000010101
1001.1111001111100101
0000.1011110100010111
0000.0101110101011100
1000.1111100001001101
1001.0101111100100000
0000.1000100101010100
0000.1011011111100011
0001.0010010100101100
1000.0001000011101000
1000.0001010011111010
1001.0110000111001000
1000.1110111111101111
1001.1111101111100010
0000.0011100101001001
1001.1110110000000111
1000.1010000010000010
1000.1011001101110011
1000.0001101101101111
0000.0100100001010011
1000.1000110001001001
0000.0101111101010110
0001.0101000011000010
1000.1101010110000000
0001.0001101100101110
1000.0110010000111000
0000.1011001101010101
1000.0100011110011011
1000.0101101011001110
0000.1001011101001111
0000.0011001010111001
1000.0001011110001000
1000.0100111100001110
1000.0000110001001100
1000.0100000111001111
0000.0111001001101100
1000.1110000101110101
1000.1011111000101110
1000.1010010111110111
1000.1001011001111011
1000.0100011011110000
0000.0010111001110011
1001.1101001001111110
1000.0001010111010000
1000.1000101110110001
1001.1101101011011001
0001.0110000110101100
0000.0110110101001000
1000.1100110010101010
0000.1000010011000001
0000.0101011100010101
1000.1011100110100010
1001.1000101011101001
1000.0000110100110101
0000.1001000001100100
0000.0110101100011011
0001.0001110110111110
1000.1010111010101100
0000.0011101110011101
1000.0010001100010100
1000.1001111001111010
1001.0111000001000111
0000.1010001110111100
0000.0111000111100011
1000.1010010110001111
0000.0111001101011100
0000.0110100011110111
1000.0110110100010001
0000.0010101110101101
1000.0101101111100011
1000.0011011101000100
0000.1000110100010000
1000.0111011110111101
0000.0001100100101101
1010.1111010101101101
1001.0011010000100100
1000.0001111101001011
1000.1111011111000001
1000.1011101010100111
1010.1100101101000011
1000.1111010001110000
0001.0101011110111001
0000.0010111101010111
1000.0111010100000010
0000.0111111010001000
0000.0010010111011001
1000.1000101010101110
0000.0110100000010100
0000.0101101010101101
1001.1001000000000000
0001.0001111001010100
1000.0111111001111000
1000.0010111001010001
1000.0111010011110111
1000.0011111001011110
1000.1100101111100111
1001.0110100111011110
1001.1010011110011111
0000.0100011101100001
0001.0110101100111011
1000.0000100110010101
0000.0111111001010000
1000.0001101100011001
1000.1010111011100101
1000.1000011101011110
0000.0010000100101110
1001.0010101100001001
1001.0010011010110011
1000.0100111111010111
0000.0111101111011100
1001.0000111011010011
0000.0010011001010101
1000.0110001011100010
1000.1100011001101011
1001.1000111111011100
0000.1000010011000010
0000.0011110011011101
0000.1001010100111110
1000.1101101111100111
1000.0101000010110001
1000.1100101011001010
0001.0101100110010101
1000.1110110100010111
1010.0011111110010110
1001.0001100011001100
1001.0001000001111111
0000.1111101010010100
0001.0111010000111111
1001.0000000100111011
0001.0000000111100110
0001.0010100100100001
0001.0111001111000000
1001.1110010001110001
0000.0001011110111100
0001.1111011011111010
0000.0111111001011111
0010.1111101011100111
0000.0011110000110001
0001.0001001001001010
0000.0101001110011010
1000.1111000110110110
0000.1001001010100010
0000.0011001100000010
1000.1010001011011001
1001.0111000000110001
1000.0111010010100101
0000.1000100111110001
1000.0011000111100001
1000.0010100011010000
0001.0011010001011111
1001.0110011011001100
1000.1111111000100111
0000.0100111100000001
0001.1100010111100100
1000.0011111001000000
1000.0110001110110001
1000.0000001001000101
0000.1001011010001101
1001.0000001011110111
0000.0101011110010110
1000.0010111011000000
0000.0100101000111110
0000.0110001011111011
1000.1010000111010101
1000.0011111011111100
1001.0011010100101011
1000.0111010100000000
1000.1101110010001111
0000.1111110011101010
0010.1010010110110001
1000.0111011110111011
0001.1111110001100110
1000.1101111000000010
1000.1000111011110101
1000.0110100001010001
1000.1110100000010000
0000.1010010101100000
0000.1000111101010010
1010.0100000100011101
0000.1001111000101100
0010.0111111100101111
0000.1110110100011010
1000.0110011011001000
0010.0011110101110101
0010.0100111001111011
0001.0100001111001100
1000.0110000011000011
0001.1001111000110010
0000.0001011101010100
1000.1110101111000110
1000.0001011100110001
0010.0100010001100010
0001.0100101100000011
0000.1011001010111000
1000.0101100010110110
0000.1111000100101100
0000.0100000001110101
0000.1110100111011011
1000.1010010011000011
0000.0010011110101101
0000.1010010100100010
0001.0000110000010011
1000.1100110100001101
0000.1100000001100101
0000.0001010110001000
0001.1010010100011011
1000.1001010001111000
0000.0101001010000110
0001.1001001100110111
1000.0000000100110010
1000.0100000010001010
0000.0100001001010000
1000.0010110110010100
0001.0000001000111001
0000.1001111111011011
0000.0100100100011011
0000.1010110010101100
1000.0100110101010100
0001.0010000000011010
0000.0000011010101111
1010.0111100010101000
1001.1000101011110011
1000.0111110011101101
1010.0101000101011001
1001.1000101101000101
1000.1111110011010111
1000.0000001110011010
1000.1001001011111110
1010.0011101101010101
0001.0111101100111001
0000.1001001111111110
1000.0001111111101001
0001.0010010000001111
0000.1010111101111101
0000.0001100111001011
1000.1110010001110110
0000.0010101010011100
0000.0100111010011111
1000.0100011111100010
0000.1101110000000110
0001.0011010001010101
1000.0000011101011001
1000.1001010100101010
0001.0001100111101101
0000.1110111001100111
1000.0000001000100100
0001.1111010110100101
1001.0110101011100011
0000.1010100111110101
1000.0010111001100110
1000.1110010010001110
1001.0101011111011100
0000.0001111010111011
1001.1010100011010100
1000.1011100001111110
1000.0011110000110001
1000.1101000100110001
0001.0100011111110010
0000.1010001010000110
0001.1000010010000100
0001.0110010110111111
0000.0001011011000111
1000.0010101111010010
1001.1011111110001110
0000.0000101100101101
1001.0010010001101101
0001.1100001010100110
1001.0110100011001101
1000.0110111110101000
0000.0000110010110100
0000.1011010111010001
1000.1110011010100010
1001.1010101100010110
0000.1111010110111100
0000.0010001001111001
1001.1010010100111011
0001.0000011000101111
1001.0101011001110001
1001.0101101000011010
0000.1111001101111110
0000.1010000001000101
0000.1111110000111100
1000.0100101000110011
1001.0100111010001010
1000.1011001010010110
0001.1000010011110001
0000.0000110010001011
0010.0010010010100011
0010.1001000110100101
0001.1100010111100100
1000.1100011001010000
1000.1101111100010010
0000.1000010111111000
0000.1001101011011110
0000.1111101110101100
1001.0101010001001100
1000.1101100110001101
0000.1111000010101000
0000.0010000110110000
0000.0110100101010001
0000.1110011100101000
1000.0110101011000001
0001.1111111001111011
1001.0001010011001000
0000.0111111001011000
0000.1001001010010011
0010.0110111001111010
0001.0001011101111100
1000.1100000001010100
0000.1101100101001001
1000.1010111111000101
1000.0000000000111001
0000.1010111000100101
0000.0001001000111000
0000.1010100100111101
0000.0111011100011110
0001.0100011001100101
0000.0101010101101010
0001.0000110101110000
0001.0001101100001011
0001.1110111000110011
0000.0111101011011001
0000.1111111111101101
1000.0000111011000100
1001.1000110010010010
1000.1000110010011000
1000.0000110011011000
0000.1000010010110001
1000.1011010111100000
1000.1110100100000100
0001.0100010010001110
0000.1111101001100000
0001.1000000000011101
0000.0100101111001011
1001.0101001001111110
1010.0010100011011101
1001.0110101111110010
1000.1011110110011000
1000.0111111000111001
0000.0101101010101100
0000.1011100111000010
0000.0010010000000111
0000.0001000011100101
0000.0111001100010010
0000.1101001101001110
0001.0100001110110010
0000.0010100110101110
0001.1010011110101011
0001.0001001010110011
0001.0011010111110001
0000.1100011000000010
1001.0010000111000001
0001.1101001111000001
0010.0000110111110100
0000.1001101000011111
1001.0010100001011001
0000.0011110011100011
0000.1111010101100000
0001.0100001000110010
0000.0111000001010000
1010.1100111101100111
1000.0010110101100101
0000.0011000111111000
1000.1101111101110111
1000.0101101000001000
1000.1010000111010011
1000.1001111011101000
0001.1011000010011011
1001.0100111111011011
0001.0111101100110010
0000.0101100010110000
1000.1000111001100111
0010.0110011100100001
1001.0000110011011000
0000.1110111000111110
1001.0111101000111000
1000.0101110111011011
0001.0101001111110001
0000.1011000000100100
0010.1000000110100101
1001.0000010011110001
1001.0010101011101100
1000.0111101000101111
0001.0010010110110101
1000.0101110101001000
1000.0101000110001001
0001.1010010000100000
1000.0111101011111101
1001.0000100000011000
0000.0101001110110100
1000.1111100100011001
0001.0101101100111000
1001.0011000101100100
0001.0100001110001110
0000.1110111111011110
0000.0101101111101000
0001.0011011011111011
1000.1100101101101101
1000.1100010011101111
0000.1111111011011101
0000.0101011111010100
1000.0001010010011110
0000.1100001110100001
1001.1011010011011110
1000.0100011000110011
0000.0000100110001001
0000.1001011001001111
1001.0110100000000101
0011.1000001010111100
0000.0110011101101111
1000.1010111100101010
0001.1001110000000000
0000.0001011000001101
1001.1100100100000100
0000.0001001001010101
1001.0101010001110100
1000.1101000011011011
1001.0000011101110110
1000.0101010110110001
0000.1001001100000000
1000.0010110101011100
1000.1110011010000010
0000.0001000011110101
1001.0110011000010001
0000.0110101111111111
0000.0011001100000001
1010.0010101100000101
0000.0100100011001011
0000.1011110111111111
0001.0000111110010100
0000.1100110010000111
0000.1101111000101100
0000.0100101111011011
1000.1000100100111000
0000.0111110100110000
0010.1000110000000101
0001.0000011001101010
0000.0111000001101000
1000.0101001100101000
1000.0101101101000001
0001.1011110001000011
1001.0101010111111100
1001.0111101001100100
1000.0111110010001001
1001.1000011000100100
1000.0110101010100000
1001.0101100010110001
1001.0111010110101011
0000.0010100110110100
0000.1110111000111000
0000.0111111001101010
0000.1101111101000110
0000.1010010101100100
1001.0110111000010000
0001.0101110011100011
0010.0011001111100110
1000.0011110010100100
0000.0000101101010000
1000.1000000000000011
1001.0000101000101001
0000.1000111110110111
0000.0011111000001111
0000.0010010101011011
0001.0011000011100100
0000.1010011000100010
1001.1101110011001101
0000.1111100110000000
1001.1101011101011010
0000.0011101000011011
0000.0100000000100100
1001.0111000011100110
0000.0010001001010101
1000.1100101110001011
0001.1001101100010011
1000.0101110101101000
0000.1111110111010101
0000.1001111111000110
1001.1010010010100111
0000.0011100001011100
0000.1001100001011110
1001.0011101011001000
1001.0010001111000110
1001.0110000000101110
1001.0100010111011010
1000.0100011001100010
1000.1101000001100000
0000.0101100001001111
0001.0110000100011110
1010.0001000010101010
1001.0100110110011101
1000.0010001111111101
0010.0010101111111011
1000.1111000110010111
1000.0001111011001010
0000.0101110100110000
0000.1110110111110100
1000.0100101000001010
1001.0110011011110001
1000.0110101110000010
1000.1110001101001111
0000.0010010110100010
0000.1101100101001000
1000.0101001111011111
0001.1000111000010111
1000.1111001001001001
0001.1110100011101111
1000.0101100100100011
1000.1000010100011011
1000.0010110000000110
0000.0100001000110101
0000.0010000110000010
0000.0100100101100110
0000.1010010011010010
0000.1011110000110001
1000.0000010111110000
0000.0100100111011011
1000.1000101100001001
0000.1000001100011011
0001.0111111110100111
0001.0010010100011110
0000.0010000010101000
0000.1101111010110111
0000.0110110010001110
1000.1011000000110011
1001.0010001000111100
1000.0101110011000101
1000.1110010101100110
0001.1000111001001110
1000.1010001111101010
0000.1110001010100001
1001.0101001100001101
0001.1000011011011011
0001.0001001010100010
0001.0000101110000101
1000.0001111000000100
1001.1000011110011011
1001.0010011001010100
1001.0110101100110001
1001.0010001101000011
1000.1010010001001111
0000.0111010001111000
1000.1100110110100110
0000.1010100000011110
1001.0010110100010110
1000.0010101001000000
0001.0001000000101000
1000.0101100010100110
0000.0011010111011000
1001.0011001101010111
0001.0010110001101010
1000.0001000110101101
0000.0111010010010010
0001.0011110111110111
0000.1101001010001010
0000.1101111000011110
1001.1101110111111011
0010.0001010000000111
0000.1101000100010111
1000.0110111101001101
1001.0011111110011110
0001.0101000101000010
1000.1111101001000110
1000.0000101111000001
1000.1111110101111111
0000.1000000100110100
1010.0000110000001001
0000.0100110011101110
0000.0001111000111100
1001.1001101110000110
0000.0011110110100010
0000.0110111100000110
0000.1000011110100011
1001.0001100011011111
0001.0000111111010100
0000.0101101100001011
0000.0001010110100011
0000.1000111011100101
1000.0001101011101110
1000.0111011010110000
1000.1101110111111110
0000.1110111010101011
1001.1111010100100111
1000.0001101011011000
1001.1010001100110100
0000.0000001100111001
0000.1100001110011110
1000.0000000000011010
0001.0000111001011110
0000.1010011000101011
1001.1111100101100001
0001.0111000101010101
0000.1101001001001111
1000.0100001111111001
1001.0010111010011101
0000.1111000010100010
0001.0011100100110011
0000.1011001110111110
0001.1001111101011111
1010.1011101110101110
0000.1001011100101010
1000.1111111011000010
0000.0111010110001010
1000.1101000110111110
0000.0000011100111010
0000.0000000001111000
0000.0011000111011010
0001.0100001111011110
1000.1001001010001010
1001.0111010010011111
0001.0010111100100111
0000.1001000101001111
1001.1000010001101010
1000.0010001111001010
1000.0000000010110000
0000.1111110010111010
1000.1001010001100000
1000.1000100100110000
1000.0001100101010110
0010.0101010111011010
0001.0000110010100111
0001.0100111101101100
1001.0100111110101000
0000.0100100011111100
1000.1101100011101000
0001.0011101101100000
1000.1000000101000011
0000.0010011011110100
0000.0101100011011100
0000.1110110011100110
0000.0110010000101010
0000.1110011101001000
1000.0010011011101101
1001.0000010100100011
0000.0111101100010011
1000.1010010010100111
1000.1011101011000000
0000.0101001111110011
1000.0001100000111000
0000.0001101101010111
0001.0101011000101110
1001.1010010001111000
1000.1000001101010111
0000.1100001100001101
0001.0101010010100101
1001.0010001000100010
1000.0010011011100100
1000.0011100100101000
1000.0100011000110100
1001.1010111101010001
0000.0100000011000010
0000.0000100010010000
0000.0001100011111000
0000.0000011100111011
1000.1101100110010110
1001.1111000000000110
1001.0000111110001100
1000.1111110100001000
1000.1010010111100010
0000.1010010110000110
0000.1101111000111100
1000.0110111111101111
0000.0111011001100111
1001.0110000010100000
0000.0000101101110111
0000.0101111000001001
0000.0111000110010011
1001.1100001110100101
1000.1000001110010001
0000.0101000000101010
1000.0001111010100000
0000.1000010011100111
0000.1111100111101011
0001.1000000110000001
1000.1101000010000001
0000.0011110100100001
0000.1010000100010101
1000.0010100011010101
0000.1100110000011000
0000.0100111010010111
0010.0101111110101101
1000.0111101101110000
1000.0010111111011000
1001.1011101001110100
1000.0111010111000110
1000.1011010001010111
0000.0111101000010010
0000.1010110101001001
1010.0000010111010000
1000.1100010010011010
0000.0001011010000000
0000.1010010110011000
0001.1110010110010110
0000.0010110110010011
1000.0100100101100111
1010.1111111000000001
1001.1000001100000001
1000.0110000001101100
0001.0000010001011000
1000.0010001111111110
0001.1111011001001000
1001.1110110100011101
1000.0101110101010010
0000.0000110001000010
0001.0010110111101011
1000.0110101101110000
0000.1001010100000101
0001.1110100101110110
0011.0011110001100010
0000.0100111100110100
0010.0010100010101100
0000.0111100101111010
0000.0010111100110101
1001.0001000101101110
1010.1011111100111110
1001.0101010100011000
0000.0000011000011111
1001.0001111011101011
0001.0010000000001111
0000.1100101001000001
0001.0010000111111101
1001.1101000100110110
0010.0100001010010100
0000.1101101001110000
0011.0011101010111011
1010.1111110110110000
1000.0001001100111111
0000.1010010101011110
0000.1111010001010111
1000.0000100001101011
0001.0000111001111010
0000.1111011111010101
1000.0110011111011101
0010.1001100001111011
0000.0000001111000010
0000.0010011100010010
1000.0010101011110000
0000.1001111100101011
1000.0100100000111100
0000.1101010111010001
1000.0010101100000111
1001.1101000010011010
0000.0110111110000101
0010.0001010101101000
1000.0100111000010010
0000.0100111101100011
1001.1001101110111111
0001.0000010111100111
1011.0001110000000011
1000.0110111111101111
1000.0110011011101010
0000.1110000011101011
1000.0001011000110010
0000.0101100010101000
1001.1100000011111001
0000.0101011101001011
0001.1101111111011110
1000.0101010101100011
1001.1010000100001010
1000.0100010101100101
0000.1011010101000000
1001.1110101110001111
1001.1101000010101011
1000.0001111001100100
0000.0011110101000000
1001.1111001110010111
1000.0001100110011011
1000.0101000111000100
1000.1000100001111010
1001.0101010010110111
1000.0001101010100100
0001.0000001001110111
0000.0111011110010001
0001.0000000101001011
1000.0100011111010101
1001.0111011000001110
0001.1010000100100000
1000.0101110001111110
1011.0010001110100111
0000.1111001011100010
1000.0100010100101010
0011.0001101000111000
1010.1001010110101110
1000.1100101111001000
0000.0111000000111011
1000.1101000101110101
1000.1010010110110101
0001.0100010000101000
0000.0000110010100011
1001.0001101001101101
1011.0011101010111010
1001.1000101011100000
0000.0011001001000111
1010.1111000101010101
1001.1000011010000000
0000.1011111011001111
1000.0101000100110111
0000.0000100001010001
1000.0000110000101011
0001.0101001110000111
0001.1111110100110101
1001.0110111110100110
1000.0111100111111110
0001.1000001110101001
1001.1010001000000010
0000.0001010000101101
0010.0101110001101110
1011.1100101000101010
0001.0001101001011011
1000.0111011111101000
0001.1111001111011001
1000.0100011101111001
0001.1011111101101101
0001.1101011110111000
1010.1010111001010010
0001.0101000010101010
1000.1100001001001110
0000.1101110010100101
0000.1100110011101111
1000.0111101010011100
1000.0001110110001001
1001.0011100011110011
0010.1111111101101110
1000.1101011100000110
1011.0100101011110100
0001.0011000100011001
1010.0000100000001111
1010.0100101001000100
0000.1011000101001011
0000.0001010000001101
0000.0110101101001110
0011.1010001001000011
0001.1001101110001110
1100.1101011101001111
0011.1100100101110111
0001.1100010010011011
1011.1110000000011101
0010.0100001110011011
1010.0000000101110101
1001.0100000001011001
0001.0100111000100100
1010.0100001101111011
1000.1110101011010010
1000.1101100001001111
1010.1000011101010111
1001.1011001111101001
1001.0110010010100100
1001.0111111110010000
1010.1001101100010111
1001.0011000100110011
1010.0001000111001110
1000.1101001111011110
1001.0001000011011111
0001.1110000011111101
0000.1010110100010001
1001.1011000100101000
1000.0110100001011000
0001.0011000100010001
0010.0010100101110000
0001.0111001001010011
0001.0000111100010100
0000.0000110100010111
1010.0010001100111001
1011.0001110111000001
0001.0101101110100110
1001.1101000111100010
0010.0101101101001000
1001.0111001010101101
1001.0010011111101001
1001.0100011011001010
0000.1000100101001000
0010.1000010110111111
1001.0100011111010001
1001.0100011000110011
1000.1011111001010100
1010.0011101101101010
0001.0110001011101010
0000.0000011100001110
1001.1101100100001010
1001.1110100111101010
1001.1010111100010101
1010.0000111110011001
1001.0101100011101011
0001.0000100101101001
0000.0111010001111110
0010.0001110101001100
0000.1100100000000010
1011.1110011101100011
1000.1010110110100001
1001.0100111110001111
1010.0011011000110010
1001.1101100010101011
1010.0001010010000010
0100.0111001111001011
1010.1001011110010111
1000.0011111001110010
1100.1001010111011001
0001.1010011001110110
0001.0110101101000011
0000.0010111011010011
1001.0011110111010111
0000.1110101010001101
