0
0
0
0
0.00048828125
0.0625
0.000732421875
0.064453125
0.250244140625
0
0
0
0
0.001953125
0.5078125
0.251953125
0.125
0.53125
0.021484375
0.00390625
0.0078125
0
0
0
0.033203125
0.0009765625
0
0.5
0.0078125
0.03125
0.06640625
0.06298828125
0.0234375
0.5625
0.15625
0.501953125
0.12890625
0.00830078125
0.0078125
0.25
0.5
0.00390625
0.2529296875
0.001953125
0.0009765625
0.438720703125
1.001953125
0
0.125
0.015625
0
0
0.001953125
0.00048828125
0
0
0.125
0.1259765625
0.0078125
0.03125
0.015625
0.19140625
0.0009765625
0
0.0166015625
0
0.033203125
0.0078125
0.0078125
0.00244140625
0.125
0
0
0.044921875
0.01171875
0
0.0001220703125
0
0.5
0.50048828125
0.508056640625
0.00048828125
0.0009765625
0
0.0009765625
0.125
0.01953125
0.5
0.0009765625
0.0654296875
0
0.0020751953125
0
0.00048828125
0.125
0
0.15625
0.625
0.5078125
0.0020751953125
0.03125
0.00390625
0.0009765625
0.00390625
0.75048828125
0
0
0
0.0009765625
0
0.0234375
0.250244140625
0.25
0
0.0126953125
0
0.50390625
0.25
0.0625
0.015625
0.078125
0.015625
0.15625
0
0.501953125
0.00390625
0.015625
0.75
0
0
0.0625
0
0.0009765625
0
0
0.000244140625
0.00048828125
0
0
0
0
0.0009765625
0
0
0
0.00390625
0.0625
0.025390625
0
0.005859375
0.53125
0.25
0.5009765625
0
0.015869140625
0.502685546875
0.00390625
0.1328125
1.140625
0
0
0.015625
0.0625
1.03125
0.00390625
0.00048828125
0
0.65625
0.125
0
0.31640625
0.0625
0.125
0.125
0.03125
0.0419921875
0.32421875
0.25
0.26708984375
0
0.03125
0.017578125
0.00390625
0
0
0
0.015625
0.078125
0
0.1259765625
0.00390625
0.0078125
0
0
0.626953125
0.000244140625
0.0009765625
0.0078125
0
0.0078125
0.031494140625
0.25
0
0
0.000244140625
0.0703125
0
0.0625
0.5
0.008056640625
0
0.001220703125
0.5048828125
0.000244140625
0.0625
0.384765625
0.072265625
0
0.40625
0.06298828125
0
0.0078125
0.06640625
0.00048828125
0
0.25
0.00634765625
0.001953125
0.015625
0.0009765625
0.0087890625
0
0.0009765625
0.5
0
0.0625
0.000244140625
0.00390625
0.25
0.0625
0.191650390625
0.53125
0.0625
0.0625
0.25
0.125
0.501953125
0.03125
0.765625
0
0.0078125
0.50390625
0.267578125
0.125732421875
0.015625
0.25
0.25
0.03125
0.0625
0.001220703125
0
0.0625
0.168212890625
0
0.064697265625
0.0009765625
0.125
0.5009765625
0.5
0.0166015625
0
0
0.2666015625
0.125
0.03125
0.025390625
0.5625
0.00390625
0.078125
0.00244140625
0.25048828125
0.50244140625
0
0.015625
0.125
0
0.1259765625
0.0078125
0
0
0.5
0.1328125
0.0625
0.5
0
0.002197265625
0
0.5
0.00390625
1.01611328125
0.00390625
0.00390625
0.5
0
0
1.0322265625
0.25
0.125
0
0.125
0.000244140625
0
0
0.00048828125
0.501220703125
0.0078125
0.1259765625
0.25
0.00048828125
0.00390625
0
0.5078125
0.015625
0.50146484375
0.0224609375
0.00390625
0
0
0
0
0.0625
0.5234375
0.2822265625
0.28125
0.00390625
0
0.275390625
0.062744140625
0.078125
0
0
0.000244140625
0.0626220703125
0.765625
0.126953125
0.125
0.0009765625
0.12890625
0.03125
0.00048828125
0.015625
0.000244140625
0
0
0
0.04296875
0.015625
0.00048828125
0.515625
0.31298828125
0.0634765625
0.03125
0.0009765625
0.0634765625
0.0625
0.00390625
0.000244140625
0.00048828125
0
0.125
0
0
0
0.00244140625
0.26953125
0
0
0.0234375
0
0.0625
0.5078125
0.25
0.03125
0.00390625
0.0625
0.0009765625
0.0625
0.015625
0.0703125
0.044921875
0.0009765625
1.0625
0.0078125
0
0.031494140625
0
0.078125
0
0.066650390625
0.0625
0.03125
0.1875
0.5078125
0
0.000732421875
0.14453125
0.00439453125
0.0029296875
0.0009765625
0.0625
0.5625
0.0078125
0.0390625
0.50390625
0
0.140625
1.25
0.0625
0.3125
0.03125
0
0
0
0
0.5
0.0625
0.546875
1.00390625
0.25
0.251953125
0.0078125
0.5
0
0.015625
0.0001220703125
0
0.0048828125
0.000244140625
0
0
0.50048828125
0.5
0
0.5
0.0078125
0.31640625
0.53125
1.125
0.5478515625
0.0078125
0.0009765625
0.25
0.15625
0.25048828125
0.125244140625
0.00048828125
0.125
0.25
0.25
0.125
0.03125
0.28125
0.53125
0.021484375
0
0.0078125
0.25
0
